state={
	id=17
	name="STATE_17"
	provinces={
		345 556 11 34 35 101 121 149 163 214 217 234 239 253 259 291 297 314 323 327 407 411 422 462 471 489 491 504 506 518 522 550 555 608 701 706 735 746 775 787 867 869 883 929 985 993 1005 1010 1012 1027 1064 1124 1128 1133 1144 1146 1177 1186 1240 1246 1247 1253 1319 1325 1381 1384 1391 1398 1399 1402 1412 1413 
	}
	manpower=15346
	state_category = town
	buildings_max_level_factor=1.000
	history = {
		owner = GRN
		add_core_of = GRN
		buildings = {
			infrastructure = 3
		}
	}
}
