state={
	id=30
	name="STATE_30"
	provinces={
		16 43 83 86 112 204 207 251 264 279 306 320 337 357 360 373 390 423 458 476 481 483 486 512 565 625 650 658 662 708 732 745 747 761 770 784 791 812 818 841 878 889 918 926 942 961 964 986 997 1029 1032 1073 1096 1111 1131 1135 1140 1152 1164 1168 1203 1243 1268 1278 1301 1303 1329 1338 1346 1347 1479 1490 1492 1493 1496 1500 1505 1508 1516 1517 1524 1525 
	}
	manpower=122134
	state_category = large_town
	buildings_max_level_factor=1.000
	history = {
		owner = TXT
		add_core_of = TXT
		buildings = {
			infrastructure = 5
			industrial_complex = 3
			arms_factory = 1
		}
	}
}
