state={
	id=66
	name="STATE_66"
	provinces={
		1032 468 990 1059 1025 1332 94 954 819 953 1249 728 374 1421 1224 1438 15 19 38 51 56 60 73 139 197 216 249 257 260 272 274 280 318 326 329 333 334 346 358 372 401 419 431 447 452 494 507 514 539 551 561 573 580 639 661 666 678 707 718 739 781 809 823 839 846 847 896 903 904 930 932 940 983 995 1013 1015 1043 1056 1074 1090 1097 1121 1170 1172 1181 1192 1195 1225 1257 1260 1272 1302 1305 1321 1323 1330 1339 1368 1383 1393 1400 1401 1408 1411 1426 1434 1445 1454 
	}
	manpower=784453
	state_category = large_town
	buildings_max_level_factor=1.000
	history = {
		owner = TRN
		add_core_of = TRN
		buildings = {
			infrastructure = 9
			industrial_complex = 2
		} 
	}
}
