state={
	id=67
	name="STATE_67"
	provinces={
		566 683 1386 5 677 490 403 1071 885 768 367 305 451 1405 17 63 84 107 110 119 148 179 195 227 241 303 340 350 351 377 420 436 519 520 532 533 553 569 579 615 617 647 693 711 765 788 790 808 824 862 865 886 914 968 978 999 1011 1030 1045 1132 1134 1137 1141 1179 1198 1207 1218 1236 1277 1312 1367 1369 1378 1390 1392 1403 1410 1424 
	}
	manpower=1
	state_category = town
	buildings_max_level_factor=1.000
	history = {
		owner = LXR
		add_core_of = LXR
		buildings = {
			infrastructure = 3
		}
	}
}
