state={
	id=74
	name="STATE_74"
	provinces={
		544 593 927 1455 1161 694 1220 568 1143 220 1229 424 959 1498 825 1478 962 1470 860 1017 974 128 1159 465 1487 912 906 1184 976 25 74 76 80 103 115 147 164 168 188 225 233 245 252 304 310 426 427 448 469 475 484 535 564 576 592 594 595 641 657 674 722 742 776 785 842 874 877 909 915 941 949 972 977 1002 1019 1048 1068 1092 1120 1127 1148 1187 1215 1217 1228 1252 1262 1307 1331 1430 1449 1461 1463 1465 1471 1485 1486 
	}
	manpower=1
	state_category = town
	buildings_max_level_factor=1.000
	history = {
		owner = CRP
		add_core_of = CRP
		buildings = {
			infrastructure = 3
		} 
	}
}
