state={
	id=84
	name="STATE_84"
	provinces={
		1533 840 295 965 159 654 275 1534 349 1284 1536 265 782 705 361 1095 270 991 638 1528 1317 510 262 21 23 27 44 54 90 92 99 113 122 177 263 284 292 317 321 339 388 413 415 449 454 461 482 552 577 578 596 635 665 669 676 736 744 752 815 836 857 913 931 966 989 1008 1018 1078 1112 1193 1197 1345 1535 1538 1539 1540 1541 1542 1543 
	}
	manpower=1
	state_category = town
	buildings_max_level_factor=1.000
	history = {
		owner = TST
		add_core_of = TST
		buildings = {
			infrastructure = 3
		}
	}
}
